x1[i,k,l] [preparartierra1,*,*]
:    1   2   3   4   5   6   7   8   9  10  11  12  13  14  15  16  17  18  19 :=
1    0   0   1   0   0   0   0   0   0   0   0   0   0   0   0   0   0   0   0
3    0   0   0   0   0   0   0   0   0   0   0   1   0   0   0   0   0   0   0
4    0   0   0   0   0   0   0   0   0   0   0   0   0   0   1   0   0   0   0
5    0   0   0   0   0   0   0   0   0   0   0   0   0   1   0   0   0   0   0
6    0   0   0   0   0   1   0   0   0   0   0   0   0   0   0   0   0   0   0
8    0   0   0   1   0   0   0   0   0   0   0   0   0   0   0   0   0   0   0
9    0   0   0   0   0   0   0   0   0   0   0   0   0   0   0   0   0   0   1
10   0   0   0   0   0   0   0   0   0   1   0   0   0   0   0   0   0   0   0
11   0   0   0   0   0   0   0   0   1   0   0   0   0   0   0   0   0   0   0
12   0   0   0   0   0   0   0   0   0   0   0   0   0   0   0   0   1   0   0
13   0   0   0   0   0   0   0   0   0   0   0   0   0   0   0   0   1   0   0
14   0   0   0   0   0   0   0   0   1   0   0   0   0   0   0   0   0   0   0
15   0   0   0   0   0   0   0   1   0   0   0   0   0   0   0   0   0   0   0
19   0   0   0   0   0   0   0   0   0   0   0   0   0   0   0   0   0   0   1
21   0   0   0   0   0   0   0   0   0   0   0   0   0   1   0   0   0   0   0
22   0   0   0   0   0   0   0   0   0   0   0   0   1   0   0   0   0   0   0
24   0   0   0   0   0   0   0   0   0   0   0   0   0   0   1   0   0   0   0
25   1   0   0   0   0   0   0   0   0   0   0   0   0   0   0   0   0   0   0
27   0   0   0   0   0   1   0   0   0   0   0   0   0   0   0   0   0   0   0
28   0   0   0   0   0   0   1   0   0   0   0   0   0   0   0   0   0   0   0
30   0   0   0   0   0   0   0   0   0   0   0   0   0   0   0   0   0   1   0
31   0   0   0   0   0   0   0   0   0   0   0   0   0   0   0   1   0   0   0
32   0   0   0   0   0   0   0   0   0   0   0   0   0   0   0   1   0   0   0
36   0   0   0   1   0   0   0   0   0   0   0   0   0   0   0   0   0   0   0
37   0   1   0   0   0   0   0   0   0   0   0   0   0   0   0   0   0   0   0
38   0   0   0   0   1   0   0   0   0   0   0   0   0   0   0   0   0   0   0
39   0   1   0   0   0   0   0   0   0   0   0   0   0   0   0   0   0   0   0
40   0   0   0   0   0   0   0   0   0   0   1   0   0   0   0   0   0   0   0
41   0   0   0   0   0   0   0   0   0   1   0   0   0   0   0   0   0   0   0
42   0   0   0   0   0   0   0   0   0   0   0   1   0   0   0   0   0   0   0
43   0   0   1   0   0   0   0   0   0   0   0   0   0   0   0   0   0   0   0
44   0   0   0   0   0   0   1   0   0   0   0   0   0   0   0   0   0   0   0
45   0   0   0   0   1   0   0   0   0   0   0   0   0   0   0   0   0   0   0
46   0   0   0   0   0   0   0   0   0   0   0   0   1   0   0   0   0   0   0
47   1   0   0   0   0   0   0   0   0   0   0   0   0   0   0   0   0   0   0
48   0   0   0   0   0   0   0   0   0   0   1   0   0   0   0   0   0   0   0
49   0   0   0   0   0   0   0   0   0   0   0   0   0   0   0   0   0   1   0
50   0   0   0   0   0   0   0   1   0   0   0   0   0   0   0   0   0   0   0

:   20  21  22  23  24  25    :=
2    0   0   0   0   0   1
7    0   0   0   0   1   0
16   0   0   1   0   0   0
17   0   0   0   1   0   0
18   0   0   0   0   0   1
20   0   0   1   0   0   0
23   0   0   0   0   1   0
26   1   0   0   0   0   0
29   0   1   0   0   0   0
33   0   0   0   1   0   0
34   0   1   0   0   0   0
35   1   0   0   0   0   0

 [papel1,*,*]
:   10  11  12  13  14  15  16  17  18  19  20  21  22  23  24  25  26    :=
1    0   0   1   0   0   0   0   0   0   0   0   0   0   0   0   0   0
2    0   0   0   0   0   0   0   0   0   0   0   0   0   0   0   0   1
3    0   0   0   1   0   0   0   0   0   0   0   0   0   0   0   0   0
4    0   0   0   0   0   0   1   0   0   0   0   0   0   0   0   0   0
5    0   0   0   0   0   0   0   1   0   0   0   0   0   0   0   0   0
6    1   0   0   0   0   0   0   0   0   0   0   0   0   0   0   0   0
7    0   0   0   0   0   0   0   0   0   0   0   0   0   0   0   1   0
8    0   0   0   1   0   0   0   0   0   0   0   0   0   0   0   0   0
9    0   0   0   0   0   0   0   0   0   0   0   0   1   0   0   0   0
10   0   0   0   0   0   0   0   1   0   0   0   0   0   0   0   0   0
11   0   0   0   0   0   0   0   0   1   0   0   0   0   0   0   0   0
12   0   0   0   0   0   0   0   0   0   0   1   0   0   0   0   0   0
13   0   0   0   0   0   0   0   0   0   1   0   0   0   0   0   0   0
14   0   0   0   0   0   0   0   0   0   0   1   0   0   0   0   0   0
15   0   0   1   0   0   0   0   0   0   0   0   0   0   0   0   0   0
16   0   0   0   0   0   0   0   0   0   0   0   0   0   1   0   0   0
17   0   0   0   0   0   0   0   0   0   0   0   0   0   0   1   0   0
18   0   0   0   0   0   0   0   0   0   0   0   0   0   0   0   0   1
19   0   0   0   0   0   0   0   0   0   0   0   0   1   0   0   0   0
20   0   0   0   0   0   0   0   0   0   0   0   0   0   1   0   0   0
21   0   0   0   0   0   1   0   0   0   0   0   0   0   0   0   0   0
22   0   0   0   0   0   0   1   0   0   0   0   0   0   0   0   0   0
23   0   0   0   0   0   0   0   0   0   0   0   0   0   0   0   1   0
24   0   0   0   0   0   0   1   0   0   0   0   0   0   0   0   0   0
25   0   0   0   0   1   0   0   0   0   0   0   0   0   0   0   0   0
26   0   0   0   0   0   0   0   0   0   0   0   0   1   0   0   0   0
27   0   0   0   0   0   0   0   1   0   0   0   0   0   0   0   0   0
28   1   0   0   0   0   0   0   0   0   0   0   0   0   0   0   0   0
29   0   0   0   0   0   0   0   0   0   0   0   0   1   0   0   0   0
30   0   0   0   0   0   0   0   0   0   1   0   0   0   0   0   0   0
31   0   0   0   0   0   0   0   1   0   0   0   0   0   0   0   0   0
32   0   0   0   0   0   0   0   0   1   0   0   0   0   0   0   0   0
33   0   0   0   0   0   0   0   0   0   0   0   0   0   0   1   0   0
34   0   0   0   0   0   0   0   0   0   0   0   0   0   1   0   0   0
35   0   0   0   0   0   0   0   0   0   0   0   1   0   0   0   0   0
36   0   1   0   0   0   0   0   0   0   0   0   0   0   0   0   0   0
37   0   0   0   0   0   0   0   0   1   0   0   0   0   0   0   0   0
38   1   0   0   0   0   0   0   0   0   0   0   0   0   0   0   0   0
39   0   0   1   0   0   0   0   0   0   0   0   0   0   0   0   0   0
40   0   0   0   1   0   0   0   0   0   0   0   0   0   0   0   0   0
41   0   0   0   0   0   1   0   0   0   0   0   0   0   0   0   0   0
42   0   0   0   1   0   0   0   0   0   0   0   0   0   0   0   0   0
43   0   0   0   0   1   0   0   0   0   0   0   0   0   0   0   0   0
44   0   1   0   0   0   0   0   0   0   0   0   0   0   0   0   0   0
45   1   0   0   0   0   0   0   0   0   0   0   0   0   0   0   0   0
46   0   0   0   0   0   1   0   0   0   0   0   0   0   0   0   0   0
47   0   0   0   0   1   0   0   0   0   0   0   0   0   0   0   0   0
48   0   0   0   0   0   1   0   0   0   0   0   0   0   0   0   0   0
49   0   0   0   0   0   0   0   0   0   1   0   0   0   0   0   0   0
50   0   1   0   0   0   0   0   0   0   0   0   0   0   0   0   0   0

 [plantar1,*,*]
:   11  12  13  14  15  16  17  18  19  20  21  22  23  24  25  26  27    :=
1    0   0   1   0   0   0   0   0   0   0   0   0   0   0   0   0   0
2    0   0   0   0   0   0   0   0   0   0   0   0   0   0   0   0   1
3    0   0   0   1   0   0   0   0   0   0   0   0   0   0   0   0   0
4    0   0   0   0   0   0   1   0   0   0   0   0   0   0   0   0   0
5    0   0   0   0   0   0   0   0   1   0   0   0   0   0   0   0   0
6    1   0   0   0   0   0   0   0   0   0   0   0   0   0   0   0   0
7    0   0   0   0   0   0   0   0   0   0   0   0   0   0   0   1   0
8    0   0   0   1   0   0   0   0   0   0   0   0   0   0   0   0   0
9    0   0   0   0   0   0   0   0   0   0   0   0   1   0   0   0   0
10   0   0   0   0   0   0   0   0   0   0   1   0   0   0   0   0   0
11   0   0   0   0   0   0   0   0   0   1   0   0   0   0   0   0   0
12   0   0   0   0   0   0   0   0   0   0   0   1   0   0   0   0   0
13   0   0   0   0   0   0   0   0   0   0   1   0   0   0   0   0   0
14   0   0   0   0   0   0   0   0   0   0   1   0   0   0   0   0   0
15   0   0   1   0   0   0   0   0   0   0   0   0   0   0   0   0   0
16   0   0   0   0   0   0   0   0   0   0   0   0   0   1   0   0   0
17   0   0   0   0   0   0   0   0   0   0   0   0   0   0   1   0   0
18   0   0   0   0   0   0   0   0   0   0   0   0   0   0   0   0   1
19   0   0   0   0   0   0   0   0   0   0   0   0   0   0   0   0   1
20   0   0   0   0   0   0   0   0   0   0   0   0   0   1   0   0   0
21   0   0   0   0   0   0   1   0   0   0   0   0   0   0   0   0   0
22   0   0   0   0   0   0   0   0   0   0   0   1   0   0   0   0   0
23   0   0   0   0   0   0   0   0   0   0   0   0   0   0   0   1   0
24   0   0   0   0   0   0   1   0   0   0   0   0   0   0   0   0   0
25   0   0   0   0   1   0   0   0   0   0   0   0   0   0   0   0   0
26   0   0   0   0   0   0   0   0   0   0   0   0   1   0   0   0   0
27   0   0   0   0   0   0   0   1   0   0   0   0   0   0   0   0   0
28   1   0   0   0   0   0   0   0   0   0   0   0   0   0   0   0   0
29   0   0   0   0   0   0   0   0   0   0   0   0   0   1   0   0   0
30   0   0   0   0   0   0   0   0   0   0   0   1   0   0   0   0   0
31   0   0   0   0   0   0   0   1   0   0   0   0   0   0   0   0   0
32   0   0   0   0   0   0   0   0   1   0   0   0   0   0   0   0   0
33   0   0   0   0   0   0   0   0   0   0   0   0   0   0   1   0   0
34   0   0   0   0   0   0   0   0   0   0   0   0   0   0   1   0   0
35   0   0   0   0   0   0   0   0   0   0   0   0   1   0   0   0   0
36   0   1   0   0   0   0   0   0   0   0   0   0   0   0   0   0   0
37   0   0   0   0   0   0   0   0   0   1   0   0   0   0   0   0   0
38   0   1   0   0   0   0   0   0   0   0   0   0   0   0   0   0   0
39   0   0   0   0   0   0   0   1   0   0   0   0   0   0   0   0   0
40   0   0   0   1   0   0   0   0   0   0   0   0   0   0   0   0   0
41   0   0   0   0   0   1   0   0   0   0   0   0   0   0   0   0   0
42   0   0   0   0   1   0   0   0   0   0   0   0   0   0   0   0   0
43   0   0   0   0   0   0   0   0   1   0   0   0   0   0   0   0   0
44   0   1   0   0   0   0   0   0   0   0   0   0   0   0   0   0   0
45   1   0   0   0   0   0   0   0   0   0   0   0   0   0   0   0   0
46   0   0   0   0   0   1   0   0   0   0   0   0   0   0   0   0   0
47   0   0   0   0   1   0   0   0   0   0   0   0   0   0   0   0   0
48   0   0   0   0   0   1   0   0   0   0   0   0   0   0   0   0   0
49   0   0   0   0   0   0   0   0   0   1   0   0   0   0   0   0   0
50   0   0   1   0   0   0   0   0   0   0   0   0   0   0   0   0   0

 [ponerarquillo1,*,*]
:   12  13  14  15  16  17  18  19  20  21  22  23  24  25  26  27  28    :=
1    0   0   1   0   0   0   0   0   0   0   0   0   0   0   0   0   0
2    0   0   0   0   0   0   0   0   0   0   0   0   0   0   0   0   1
3    0   0   0   1   0   0   0   0   0   0   0   0   0   0   0   0   0
4    0   0   0   0   0   0   1   0   0   0   0   0   0   0   0   0   0
5    0   0   0   0   0   0   0   0   1   0   0   0   0   0   0   0   0
6    1   0   0   0   0   0   0   0   0   0   0   0   0   0   0   0   0
7    0   0   0   0   0   0   0   0   0   0   0   0   0   0   0   1   0
8    0   0   0   1   0   0   0   0   0   0   0   0   0   0   0   0   0
9    0   0   0   0   0   0   0   0   0   0   0   0   1   0   0   0   0
10   0   0   0   0   0   0   0   0   0   0   1   0   0   0   0   0   0
11   0   0   0   0   0   0   0   0   0   1   0   0   0   0   0   0   0
12   0   0   0   0   0   0   0   0   0   0   0   1   0   0   0   0   0
13   0   0   0   0   0   0   0   0   0   0   1   0   0   0   0   0   0
14   0   0   0   0   0   0   0   0   0   0   1   0   0   0   0   0   0
15   0   0   1   0   0   0   0   0   0   0   0   0   0   0   0   0   0
16   0   0   0   0   0   0   0   0   0   0   0   0   0   1   0   0   0
17   0   0   0   0   0   0   0   0   0   0   0   0   0   0   1   0   0
18   0   0   0   0   0   0   0   0   0   0   0   0   0   0   0   0   1
19   0   0   0   0   0   0   0   0   0   0   0   0   0   0   0   0   1
20   0   0   0   0   0   0   0   0   0   0   0   0   0   1   0   0   0
21   0   0   0   0   0   0   1   0   0   0   0   0   0   0   0   0   0
22   0   0   0   0   0   0   0   0   0   0   0   1   0   0   0   0   0
23   0   0   0   0   0   0   0   0   0   0   0   0   0   0   0   1   0
24   0   0   0   0   0   0   1   0   0   0   0   0   0   0   0   0   0
25   0   0   0   0   1   0   0   0   0   0   0   0   0   0   0   0   0
26   0   0   0   0   0   0   0   0   0   0   0   0   1   0   0   0   0
27   0   0   0   0   0   0   0   1   0   0   0   0   0   0   0   0   0
28   1   0   0   0   0   0   0   0   0   0   0   0   0   0   0   0   0
29   0   0   0   0   0   0   0   0   0   0   0   0   0   1   0   0   0
30   0   0   0   0   0   0   0   0   0   0   0   1   0   0   0   0   0
31   0   0   0   0   0   0   0   1   0   0   0   0   0   0   0   0   0
32   0   0   0   0   0   0   0   0   1   0   0   0   0   0   0   0   0
33   0   0   0   0   0   0   0   0   0   0   0   0   0   0   1   0   0
34   0   0   0   0   0   0   0   0   0   0   0   0   0   0   1   0   0
35   0   0   0   0   0   0   0   0   0   0   0   0   1   0   0   0   0
36   0   1   0   0   0   0   0   0   0   0   0   0   0   0   0   0   0
37   0   0   0   0   0   0   0   0   0   1   0   0   0   0   0   0   0
38   0   1   0   0   0   0   0   0   0   0   0   0   0   0   0   0   0
39   0   0   0   0   0   0   0   1   0   0   0   0   0   0   0   0   0
40   0   0   0   1   0   0   0   0   0   0   0   0   0   0   0   0   0
41   0   0   0   0   0   1   0   0   0   0   0   0   0   0   0   0   0
42   0   0   0   0   1   0   0   0   0   0   0   0   0   0   0   0   0
43   0   0   0   0   0   0   0   0   1   0   0   0   0   0   0   0   0
44   0   1   0   0   0   0   0   0   0   0   0   0   0   0   0   0   0
45   1   0   0   0   0   0   0   0   0   0   0   0   0   0   0   0   0
46   0   0   0   0   0   1   0   0   0   0   0   0   0   0   0   0   0
47   0   0   0   0   1   0   0   0   0   0   0   0   0   0   0   0   0
48   0   0   0   0   0   1   0   0   0   0   0   0   0   0   0   0   0
49   0   0   0   0   0   0   0   0   0   1   0   0   0   0   0   0   0
50   0   0   1   0   0   0   0   0   0   0   0   0   0   0   0   0   0

 [ponermalla1,*,*]
:   13  14  15  16  17  18  19  20  21  22  23  24  25  26  27  28  29    :=
1    0   0   1   0   0   0   0   0   0   0   0   0   0   0   0   0   0
2    0   0   0   0   0   0   0   0   0   0   0   0   0   0   0   0   1
3    0   0   0   1   0   0   0   0   0   0   0   0   0   0   0   0   0
4    0   0   0   0   0   0   1   0   0   0   0   0   0   0   0   0   0
5    0   0   0   0   0   0   0   0   1   0   0   0   0   0   0   0   0
6    1   0   0   0   0   0   0   0   0   0   0   0   0   0   0   0   0
7    0   0   0   0   0   0   0   0   0   0   0   0   0   0   0   1   0
8    0   0   0   1   0   0   0   0   0   0   0   0   0   0   0   0   0
9    0   0   0   0   0   0   0   0   0   0   0   0   1   0   0   0   0
10   0   0   0   0   0   0   0   0   0   0   1   0   0   0   0   0   0
11   0   0   0   0   0   0   0   0   0   1   0   0   0   0   0   0   0
12   0   0   0   0   0   0   0   0   0   0   0   0   1   0   0   0   0
13   0   0   0   0   0   0   0   0   0   0   0   1   0   0   0   0   0
14   0   0   0   0   0   0   0   0   0   0   1   0   0   0   0   0   0
15   0   0   1   0   0   0   0   0   0   0   0   0   0   0   0   0   0
16   0   0   0   0   0   0   0   0   0   0   0   0   0   1   0   0   0
17   0   0   0   0   0   0   0   0   0   0   0   0   0   0   1   0   0
18   0   0   0   0   0   0   0   0   0   0   0   0   0   0   0   0   1
19   0   0   0   0   0   0   0   0   0   0   0   0   0   0   0   0   1
20   0   0   0   0   0   0   0   0   0   0   0   0   0   1   0   0   0
21   0   0   0   0   0   0   1   0   0   0   0   0   0   0   0   0   0
22   0   0   0   0   0   0   0   0   0   0   0   1   0   0   0   0   0
23   0   0   0   0   0   0   0   0   0   0   0   0   0   0   0   1   0
24   0   0   0   0   0   0   1   0   0   0   0   0   0   0   0   0   0
25   0   0   0   0   1   0   0   0   0   0   0   0   0   0   0   0   0
26   0   0   0   0   0   0   0   0   0   0   0   0   0   0   0   1   0
27   0   0   0   0   0   0   0   1   0   0   0   0   0   0   0   0   0
28   1   0   0   0   0   0   0   0   0   0   0   0   0   0   0   0   0
29   0   0   0   0   0   0   0   0   0   0   0   0   0   1   0   0   0
30   0   0   0   0   0   0   0   0   0   0   0   1   0   0   0   0   0
31   0   0   0   0   0   0   0   1   0   0   0   0   0   0   0   0   0
32   0   0   0   0   0   0   0   0   1   0   0   0   0   0   0   0   0
33   0   0   0   0   0   0   0   0   0   0   0   0   0   0   1   0   0
34   0   0   0   0   0   0   0   0   0   0   0   0   0   0   1   0   0
35   0   0   0   0   0   0   0   0   0   0   0   0   1   0   0   0   0
36   0   1   0   0   0   0   0   0   0   0   0   0   0   0   0   0   0
37   0   0   0   0   0   0   0   0   0   1   0   0   0   0   0   0   0
38   0   1   0   0   0   0   0   0   0   0   0   0   0   0   0   0   0
39   0   0   0   0   0   0   0   1   0   0   0   0   0   0   0   0   0
40   0   0   0   1   0   0   0   0   0   0   0   0   0   0   0   0   0
41   0   0   0   0   0   1   0   0   0   0   0   0   0   0   0   0   0
42   0   0   0   0   1   0   0   0   0   0   0   0   0   0   0   0   0
43   0   0   0   0   0   0   0   0   1   0   0   0   0   0   0   0   0
44   0   1   0   0   0   0   0   0   0   0   0   0   0   0   0   0   0
45   1   0   0   0   0   0   0   0   0   0   0   0   0   0   0   0   0
46   0   0   0   0   0   1   0   0   0   0   0   0   0   0   0   0   0
47   0   0   0   0   1   0   0   0   0   0   0   0   0   0   0   0   0
48   0   0   0   0   0   1   0   0   0   0   0   0   0   0   0   0   0
49   0   0   0   0   0   0   0   0   0   1   0   0   0   0   0   0   0
50   0   0   1   0   0   0   0   0   0   0   0   0   0   0   0   0   0

 [ponerriego1,*,*]
:   14  15  16  17  18  19  20  21  22  23  24  25  26  27  28  29  30    :=
1    0   0   1   0   0   0   0   0   0   0   0   0   0   0   0   0   0
2    0   0   0   0   0   0   0   0   0   0   0   0   0   0   0   0   1
3    0   0   0   1   0   0   0   0   0   0   0   0   0   0   0   0   0
4    0   0   0   0   0   0   1   0   0   0   0   0   0   0   0   0   0
5    0   0   0   0   0   0   0   0   1   0   0   0   0   0   0   0   0
6    1   0   0   0   0   0   0   0   0   0   0   0   0   0   0   0   0
7    0   0   0   0   0   0   0   0   0   0   0   0   0   0   0   1   0
8    0   0   0   1   0   0   0   0   0   0   0   0   0   0   0   0   0
9    0   0   0   0   0   0   0   0   0   0   0   0   1   0   0   0   0
10   0   0   0   0   0   0   0   0   0   0   1   0   0   0   0   0   0
11   0   0   0   0   0   0   0   0   0   1   0   0   0   0   0   0   0
12   0   0   0   0   0   0   0   0   0   0   0   0   1   0   0   0   0
13   0   0   0   0   0   0   0   0   0   0   0   1   0   0   0   0   0
14   0   0   0   0   0   0   0   0   0   0   1   0   0   0   0   0   0
15   0   0   1   0   0   0   0   0   0   0   0   0   0   0   0   0   0
16   0   0   0   0   0   0   0   0   0   0   0   0   0   1   0   0   0
17   0   0   0   0   0   0   0   0   0   0   0   0   0   0   1   0   0
18   0   0   0   0   0   0   0   0   0   0   0   0   0   0   0   0   1
19   0   0   0   0   0   0   0   0   0   0   0   0   0   0   0   0   1
20   0   0   0   0   0   0   0   0   0   0   0   0   0   1   0   0   0
21   0   0   0   0   0   0   1   0   0   0   0   0   0   0   0   0   0
22   0   0   0   0   0   0   0   0   0   0   0   1   0   0   0   0   0
23   0   0   0   0   0   0   0   0   0   0   0   0   0   0   0   1   0
24   0   0   0   0   0   0   1   0   0   0   0   0   0   0   0   0   0
25   0   0   0   0   1   0   0   0   0   0   0   0   0   0   0   0   0
26   0   0   0   0   0   0   0   0   0   0   0   0   0   0   0   1   0
27   0   0   0   0   0   0   0   1   0   0   0   0   0   0   0   0   0
28   1   0   0   0   0   0   0   0   0   0   0   0   0   0   0   0   0
29   0   0   0   0   0   0   0   0   0   0   0   0   0   1   0   0   0
30   0   0   0   0   0   0   0   0   0   0   0   1   0   0   0   0   0
31   0   0   0   0   0   0   0   1   0   0   0   0   0   0   0   0   0
32   0   0   0   0   0   0   0   0   1   0   0   0   0   0   0   0   0
33   0   0   0   0   0   0   0   0   0   0   0   0   0   0   1   0   0
34   0   0   0   0   0   0   0   0   0   0   0   0   0   0   1   0   0
35   0   0   0   0   0   0   0   0   0   0   0   0   1   0   0   0   0
36   0   1   0   0   0   0   0   0   0   0   0   0   0   0   0   0   0
37   0   0   0   0   0   0   0   0   0   1   0   0   0   0   0   0   0
38   0   1   0   0   0   0   0   0   0   0   0   0   0   0   0   0   0
39   0   0   0   0   0   0   0   1   0   0   0   0   0   0   0   0   0
40   0   0   0   1   0   0   0   0   0   0   0   0   0   0   0   0   0
41   0   0   0   0   0   1   0   0   0   0   0   0   0   0   0   0   0
42   0   0   0   0   1   0   0   0   0   0   0   0   0   0   0   0   0
43   0   0   0   0   0   0   0   0   1   0   0   0   0   0   0   0   0
44   0   1   0   0   0   0   0   0   0   0   0   0   0   0   0   0   0
45   1   0   0   0   0   0   0   0   0   0   0   0   0   0   0   0   0
46   0   0   0   0   0   1   0   0   0   0   0   0   0   0   0   0   0
47   0   0   0   0   1   0   0   0   0   0   0   0   0   0   0   0   0
48   0   0   0   0   0   1   0   0   0   0   0   0   0   0   0   0   0
49   0   0   0   0   0   0   0   0   0   1   0   0   0   0   0   0   0
50   0   0   1   0   0   0   0   0   0   0   0   0   0   0   0   0   0

 [quitarmalla1,*,*]
:  190 191 192 193 194 195 196 197 198 199 200 201 202    :=
1    1   0   0   0   0   0   0   0   0   0   0   0   0
2    0   0   0   0   0   0   0   0   0   0   0   1   0
3    0   0   1   0   0   0   0   0   0   0   0   0   0
4    0   0   0   0   0   1   0   0   0   0   0   0   0
5    0   1   0   0   0   0   0   0   0   0   0   0   0
6    1   0   0   0   0   0   0   0   0   0   0   0   0
7    0   0   0   0   0   0   0   0   0   0   0   1   0
8    0   1   0   0   0   0   0   0   0   0   0   0   0
9    0   0   0   0   0   0   1   0   0   0   0   0   0
10   0   0   0   1   0   0   0   0   0   0   0   0   0
11   0   0   0   0   1   0   0   0   0   0   0   0   0
12   0   0   1   0   0   0   0   0   0   0   0   0   0
13   0   0   0   0   0   0   0   1   0   0   0   0   0
14   0   0   0   1   0   0   0   0   0   0   0   0   0
15   1   0   0   0   0   0   0   0   0   0   0   0   0
16   0   0   0   0   0   0   0   0   0   0   0   1   0
17   0   0   0   0   0   0   0   1   0   0   0   0   0
18   0   0   0   0   0   0   1   0   0   0   0   0   0
19   0   0   0   0   0   0   0   1   0   0   0   0   0
20   0   0   0   0   0   0   0   0   0   0   0   1   0
21   0   0   1   0   0   0   0   0   0   0   0   0   0
22   0   0   0   0   1   0   0   0   0   0   0   0   0
23   0   0   0   0   0   0   0   0   0   0   1   0   0
24   0   1   0   0   0   0   0   0   0   0   0   0   0
25   0   0   1   0   0   0   0   0   0   0   0   0   0
26   0   0   0   0   0   0   0   0   0   1   0   0   0
27   0   0   0   1   0   0   0   0   0   0   0   0   0
28   1   0   0   0   0   0   0   0   0   0   0   0   0
29   0   0   0   0   0   0   1   0   0   0   0   0   0
30   0   0   0   0   0   1   0   0   0   0   0   0   0
31   0   0   0   1   0   0   0   0   0   0   0   0   0
32   0   0   0   0   1   0   0   0   0   0   0   0   0
33   0   0   0   0   0   0   0   0   0   1   0   0   0
34   0   0   0   0   0   0   0   0   1   0   0   0   0
35   0   0   0   0   1   0   0   0   0   0   0   0   0
36   0   1   0   0   0   0   0   0   0   0   0   0   0
37   0   0   0   0   0   0   0   0   0   0   1   0   0
38   0   0   0   0   0   0   1   0   0   0   0   0   0
39   0   0   0   0   0   0   0   0   1   0   0   0   0
40   0   0   0   0   0   0   0   0   0   0   0   0   1
41   0   0   0   0   0   0   0   0   0   1   0   0   0
42   0   0   0   0   0   0   0   0   0   1   0   0   0
43   0   0   0   0   0   0   0   0   0   0   0   0   1
44   0   0   0   0   0   0   0   0   1   0   0   0   0
45   0   0   0   0   0   0   0   0   0   0   1   0   0
46   0   0   0   0   0   0   0   1   0   0   0   0   0
47   0   0   0   0   0   0   0   0   0   0   0   0   1
48   0   0   0   0   0   0   0   0   0   0   1   0   0
49   0   0   0   0   0   1   0   0   0   0   0   0   0
50   0   0   0   0   0   0   0   0   0   0   0   0   1

 [quitararquillo1,*,*]
:  191 192 193 194 195 196 197 198 199 200 201 202 203 204 205 206 207    :=
1    1   0   0   0   0   0   0   0   0   0   0   0   0   0   0   0   0
2    0   0   0   0   0   0   0   0   0   0   0   0   0   0   1   0   0
3    0   0   1   0   0   0   0   0   0   0   0   0   0   0   0   0   0
4    0   0   0   0   0   1   0   0   0   0   0   0   0   0   0   0   0
5    0   0   0   0   0   1   0   0   0   0   0   0   0   0   0   0   0
6    0   0   1   0   0   0   0   0   0   0   0   0   0   0   0   0   0
7    0   0   0   0   0   0   0   0   0   0   0   0   1   0   0   0   0
8    0   1   0   0   0   0   0   0   0   0   0   0   0   0   0   0   0
9    0   0   0   0   0   0   0   0   1   0   0   0   0   0   0   0   0
10   0   0   0   0   1   0   0   0   0   0   0   0   0   0   0   0   0
11   0   0   0   0   1   0   0   0   0   0   0   0   0   0   0   0   0
12   0   0   0   0   0   0   0   0   1   0   0   0   0   0   0   0   0
13   0   0   0   0   0   0   0   1   0   0   0   0   0   0   0   0   0
14   0   0   0   0   0   0   1   0   0   0   0   0   0   0   0   0   0
15   1   0   0   0   0   0   0   0   0   0   0   0   0   0   0   0   0
16   0   0   0   0   0   0   0   0   0   0   0   1   0   0   0   0   0
17   0   0   0   0   0   0   0   0   0   0   1   0   0   0   0   0   0
18   0   0   0   0   0   0   0   1   0   0   0   0   0   0   0   0   0
19   0   0   0   0   0   0   0   0   1   0   0   0   0   0   0   0   0
20   0   0   0   0   0   0   0   0   0   0   0   0   0   0   0   1   0
21   0   0   0   1   0   0   0   0   0   0   0   0   0   0   0   0   0
22   0   0   0   0   1   0   0   0   0   0   0   0   0   0   0   0   0
23   0   0   0   0   0   0   0   0   0   0   0   0   0   1   0   0   0
24   0   1   0   0   0   0   0   0   0   0   0   0   0   0   0   0   0
25   0   0   1   0   0   0   0   0   0   0   0   0   0   0   0   0   0
26   0   0   0   0   0   0   0   0   0   0   1   0   0   0   0   0   0
27   0   0   0   1   0   0   0   0   0   0   0   0   0   0   0   0   0
28   1   0   0   0   0   0   0   0   0   0   0   0   0   0   0   0   0
29   0   0   0   0   0   0   1   0   0   0   0   0   0   0   0   0   0
30   0   0   0   0   0   0   0   1   0   0   0   0   0   0   0   0   0
31   0   0   0   1   0   0   0   0   0   0   0   0   0   0   0   0   0
32   0   0   0   0   0   1   0   0   0   0   0   0   0   0   0   0   0
33   0   0   0   0   0   0   0   0   0   0   1   0   0   0   0   0   0
34   0   0   0   0   0   0   0   0   0   1   0   0   0   0   0   0   0
35   0   0   0   0   0   0   0   0   0   1   0   0   0   0   0   0   0
36   0   1   0   0   0   0   0   0   0   0   0   0   0   0   0   0   0
37   0   0   0   0   0   0   0   0   0   0   0   0   0   0   0   1   0
38   0   0   0   0   0   0   0   0   0   1   0   0   0   0   0   0   0
39   0   0   0   0   0   0   0   0   0   0   0   1   0   0   0   0   0
40   0   0   0   0   0   0   0   0   0   0   0   0   0   0   1   0   0
41   0   0   0   0   0   0   0   0   0   0   0   1   0   0   0   0   0
42   0   0   0   0   0   0   0   0   0   0   0   0   0   0   0   0   1
43   0   0   0   0   0   0   0   0   0   0   0   0   1   0   0   0   0
44   0   0   0   0   0   0   0   0   0   0   0   0   0   0   0   1   0
45   0   0   0   0   0   0   0   0   0   0   0   0   0   0   1   0   0
46   0   0   0   0   0   0   0   0   0   0   0   0   0   0   0   0   1
47   0   0   0   0   0   0   0   0   0   0   0   0   0   1   0   0   0
48   0   0   0   0   0   0   0   0   0   0   0   0   0   1   0   0   0
49   0   0   0   0   0   0   0   0   0   0   0   0   1   0   0   0   0
50   0   0   0   0   0   0   0   0   0   0   0   0   0   0   0   0   1

 [quitarriego1,*,*]
:  192 193 194 195 196 197 198 199 200 201 202 203 204 205 206 207 208 209 210 :=
1    1   0   0   0   0   0   0   0   0   0   0   0   0   0   0   0   0   0   0
2    0   0   0   0   0   0   0   0   0   0   0   0   0   0   0   1   0   0   0
3    0   0   1   0   0   0   0   0   0   0   0   0   0   0   0   0   0   0   0
4    0   0   0   0   0   1   0   0   0   0   0   0   0   0   0   0   0   0   0
5    0   0   0   0   0   0   1   0   0   0   0   0   0   0   0   0   0   0   0
6    0   0   0   1   0   0   0   0   0   0   0   0   0   0   0   0   0   0   0
7    0   0   0   0   0   0   0   0   0   0   0   0   0   1   0   0   0   0   0
8    0   1   0   0   0   0   0   0   0   0   0   0   0   0   0   0   0   0   0
9    0   0   0   0   0   0   0   0   0   0   1   0   0   0   0   0   0   0   0
10   0   0   0   0   0   0   0   0   1   0   0   0   0   0   0   0   0   0   0
11   0   0   0   0   0   0   0   1   0   0   0   0   0   0   0   0   0   0   0
12   0   0   0   0   0   0   0   0   0   0   0   1   0   0   0   0   0   0   0
13   0   0   0   0   0   0   0   0   0   1   0   0   0   0   0   0   0   0   0
14   0   0   0   0   0   0   0   0   1   0   0   0   0   0   0   0   0   0   0
15   0   1   0   0   0   0   0   0   0   0   0   0   0   0   0   0   0   0   0
16   0   0   0   0   0   0   0   0   0   0   0   1   0   0   0   0   0   0   0
17   0   0   0   0   0   0   0   0   0   0   0   0   1   0   0   0   0   0   0
18   0   0   0   0   0   0   0   0   0   0   0   0   0   0   0   1   0   0   0
19   0   0   0   0   0   0   0   0   0   0   0   0   0   0   1   0   0   0   0
20   0   0   0   0   0   0   0   0   0   0   0   0   0   0   0   0   1   0   0
21   0   0   0   0   1   0   0   0   0   0   0   0   0   0   0   0   0   0   0
23   0   0   0   0   0   0   0   0   0   0   0   0   0   1   0   0   0   0   0
24   0   0   0   0   1   0   0   0   0   0   0   0   0   0   0   0   0   0   0
25   0   0   1   0   0   0   0   0   0   0   0   0   0   0   0   0   0   0   0
26   0   0   0   0   0   0   0   0   0   0   0   0   0   1   0   0   0   0   0
27   0   0   0   0   0   0   1   0   0   0   0   0   0   0   0   0   0   0   0
28   1   0   0   0   0   0   0   0   0   0   0   0   0   0   0   0   0   0   0
29   0   0   0   0   0   0   0   0   0   0   0   1   0   0   0   0   0   0   0
30   0   0   0   0   0   0   0   0   0   1   0   0   0   0   0   0   0   0   0
31   0   0   0   0   0   1   0   0   0   0   0   0   0   0   0   0   0   0   0
32   0   0   0   0   0   0   1   0   0   0   0   0   0   0   0   0   0   0   0
33   0   0   0   0   0   0   0   0   0   0   0   0   1   0   0   0   0   0   0
34   0   0   0   0   0   0   0   0   0   0   0   0   1   0   0   0   0   0   0
35   0   0   0   0   0   0   0   0   0   0   1   0   0   0   0   0   0   0   0
36   0   1   0   0   0   0   0   0   0   0   0   0   0   0   0   0   0   0   0
38   0   0   0   0   0   0   0   0   0   0   0   0   0   0   0   0   0   0   1
40   0   0   0   0   0   0   0   0   0   0   0   0   0   0   0   0   0   0   1
42   0   0   0   0   0   0   0   0   0   0   0   0   0   0   0   0   0   0   1
44   0   0   0   0   0   0   0   0   0   0   0   0   0   0   0   0   0   1   0
45   0   0   0   0   0   0   0   0   0   0   0   0   0   0   0   0   0   1   0
50   0   0   0   0   0   0   0   0   0   0   0   0   0   0   0   0   0   1   0

:  211 212 213 214 215    :=
22   0   0   1   0   0
37   0   0   0   0   1
39   0   0   0   0   1
41   1   0   0   0   0
43   0   0   0   1   0
46   0   1   0   0   0
47   0   0   0   1   0
48   1   0   0   0   0
49   0   0   0   0   1

 [cosechar1,*,*]
:  193 194 195 196 197 198 199 200 201 202 203 204 205 206 207 208 209 210 211 :=
1    1   0   0   0   0   0   0   0   0   0   0   0   0   0   0   0   0   0   0
2    0   0   0   0   0   0   0   0   0   0   0   0   0   0   0   0   1   0   0
3    0   0   1   0   0   0   0   0   0   0   0   0   0   0   0   0   0   0   0
4    0   0   0   0   0   1   0   0   0   0   0   0   0   0   0   0   0   0   0
5    0   0   0   0   0   0   1   0   0   0   0   0   0   0   0   0   0   0   0
6    0   0   0   1   0   0   0   0   0   0   0   0   0   0   0   0   0   0   0
7    0   0   0   0   0   0   0   0   0   0   0   0   0   1   0   0   0   0   0
8    0   1   0   0   0   0   0   0   0   0   0   0   0   0   0   0   0   0   0
9    0   0   0   0   0   0   0   0   0   0   1   0   0   0   0   0   0   0   0
10   0   0   0   0   0   0   0   0   1   0   0   0   0   0   0   0   0   0   0
11   0   0   0   0   0   0   0   1   0   0   0   0   0   0   0   0   0   0   0
12   0   0   0   0   0   0   0   0   0   0   0   1   0   0   0   0   0   0   0
13   0   0   0   0   0   0   0   0   0   1   0   0   0   0   0   0   0   0   0
14   0   0   0   0   0   0   0   0   1   0   0   0   0   0   0   0   0   0   0
15   0   0   1   0   0   0   0   0   0   0   0   0   0   0   0   0   0   0   0
16   0   0   0   0   0   0   0   0   0   0   0   0   0   0   1   0   0   0   0
17   0   0   0   0   0   0   0   0   0   0   0   0   1   0   0   0   0   0   0
18   0   0   0   0   0   0   0   0   0   0   0   0   0   0   0   1   0   0   0
19   0   0   0   0   0   0   0   0   0   0   0   0   0   0   1   0   0   0   0
20   0   0   0   0   0   0   0   0   0   0   0   0   0   0   0   0   0   1   0
21   0   0   0   0   1   0   0   0   0   0   0   0   0   0   0   0   0   0   0
23   0   0   0   0   0   0   0   0   0   0   0   0   0   0   0   1   0   0   0
24   0   0   0   0   1   0   0   0   0   0   0   0   0   0   0   0   0   0   0
25   0   0   0   1   0   0   0   0   0   0   0   0   0   0   0   0   0   0   0
26   0   0   0   0   0   0   0   0   0   0   0   0   0   1   0   0   0   0   0
27   0   0   0   0   0   0   1   0   0   0   0   0   0   0   0   0   0   0   0
28   1   0   0   0   0   0   0   0   0   0   0   0   0   0   0   0   0   0   0
29   0   0   0   0   0   0   0   0   0   0   0   1   0   0   0   0   0   0   0
30   0   0   0   0   0   0   0   0   0   1   0   0   0   0   0   0   0   0   0
31   0   0   0   0   0   1   0   0   0   0   0   0   0   0   0   0   0   0   0
32   0   0   0   0   0   0   0   1   0   0   0   0   0   0   0   0   0   0   0
33   0   0   0   0   0   0   0   0   0   0   0   0   0   0   0   0   1   0   0
34   0   0   0   0   0   0   0   0   0   0   0   0   1   0   0   0   0   0   0
35   0   0   0   0   0   0   0   0   0   0   1   0   0   0   0   0   0   0   0
36   0   1   0   0   0   0   0   0   0   0   0   0   0   0   0   0   0   0   0
42   0   0   0   0   0   0   0   0   0   0   0   0   0   0   0   0   0   0   1
44   0   0   0   0   0   0   0   0   0   0   0   0   0   0   0   0   0   1   0
50   0   0   0   0   0   0   0   0   0   0   0   0   0   0   0   0   0   0   1

:  212 213 214 215 216 217    :=
22   0   0   1   0   0   0
37   0   0   0   0   1   0
38   0   1   0   0   0   0
39   0   0   0   0   0   1
40   1   0   0   0   0   0
41   1   0   0   0   0   0
43   0   0   0   1   0   0
45   0   0   1   0   0   0
46   0   0   0   1   0   0
47   0   0   0   0   0   1
48   0   1   0   0   0   0
49   0   0   0   0   1   0
;

horasimproductivas = 29.6667

